4
2
1111
0110

2
5
11
10
10
10
10

2
5
10
11
10
10
10

2
5
10
10
11
10
10

2
5
01
11
10
10
10

2
5
01
01
11
10
10

2
4
01
11
11
10

2
4
01
11
10
11

3
4
011
110
100
100

3
4
010
111
100
110

3
4
011
010
110
100

3
4
010
011
110
100

3
4
010
010
111
100

3
3
011
110
110

3
3
010
111
110

3
4
010
011
010
110

3
4
010
011
110
010

3
4
010
010
111
010

3
4
111
010
010
010

6
1
111111

2
4
11
11
10
10

2
4
11
10
10
1

2
4
11
10
10
11

3
4
111
100
100
100

3
4
100
111
100
100

2
3
11
11
11

3
3
111
110
100

3
3
110
111
100

3
3
111
100
110

3
4
001
111
100
100

3
4
001
011
110
100

3
3
010
111
101

4
3
0100
1111
1000

3
3
111
010
110

3
4
011
010
010
110